function t = piby1024table
% PIBY1024TABLE
%
%   pi/1024
%
%   written ... 2024-03-17 ... UCHINO Yuki
t = [3.0679615757712823e-03
    1.1959441397923371e-19
    -2.9245798923030661e-36
    1.0863810750618802e-52
    5.5392890426174958e-69];
end